Payoff table
[[  0.  200. ]
 [  0.7 198.6]
 [  1.4 197.2]
 [  2.1 195.8]
 [  2.8 194.4]
 [  3.5 193. ]
 [  4.2 191.6]
 [  4.9 190.2]
 [  5.6 188.8]
 [  6.3 187.4]
 [  7.  186. ]
 [  7.7 184.6]
 [  8.4 183.2]
 [  9.1 181.8]
 [  9.8 180.4]
 [ 10.5 179. ]
 [ 11.2 177.6]
 [ 11.9 176.2]
 [ 12.6 174.8]
 [ 13.3 173.4]
 [ 14.  172. ]
 [ 14.7 170.6]
 [ 15.4 169.2]
 [ 16.1 167.8]
 [ 16.8 166.4]
 [ 17.5 165. ]
 [ 18.2 163.6]
 [ 18.9 162.2]
 [ 19.6 160.8]
 [ 20.  160. ]
 [ 20.  160. ]
 [ 20.  160. ]
 [ 20.  160. ]
 [ 20.  160. ]
 [ 20.  160. ]
 [ 20.  160. ]
 [ 20.  160. ]
 [ 20.  160. ]
 [ 20.  160. ]
 [ 20.  160. ]
 [ 20.  160. ]
 [ 20.  160. ]
 [ 20.  160. ]
 [ 20.  160. ]
 [ 20.  160. ]
 [ 20.  160. ]
 [ 20.  160. ]
 [ 20.  160. ]
 [ 20.  160. ]
 [ 20.  160. ]
 [ 20.  160. ]
 [ 20.  160. ]
 [ 20.  160. ]
 [ 20.  160. ]
 [ 20.  160. ]
 [ 20.  160. ]
 [ 20.  160. ]
 [ 20.  160. ]
 [ 20.  160. ]
 [ 20.  160. ]
 [ 20.  160. ]
 [ 20.  160. ]
 [ 20.  160. ]
 [ 20.  160. ]
 [ 20.  160. ]
 [ 20.  160. ]
 [ 20.  160. ]
 [ 20.  160. ]
 [ 20.  160. ]
 [ 20.  160. ]
 [ 20.  160. ]
 [ 20.  160. ]
 [ 20.  160. ]
 [ 20.  160. ]
 [ 20.  160. ]
 [ 20.  160. ]
 [ 20.  160. ]
 [ 20.  160. ]
 [ 20.  160. ]
 [ 20.  160. ]
 [ 20.  160. ]
 [ 20.  160. ]
 [ 20.  160. ]
 [ 20.  160. ]
 [ 20.  160. ]
 [ 20.  160. ]
 [ 20.  160. ]
 [ 20.  160. ]
 [ 20.  160. ]
 [ 20.  160. ]
 [ 20.  160. ]
 [ 20.  160. ]
 [ 20.  160. ]
 [ 20.  160. ]
 [ 20.  160. ]
 [ 20.  160. ]
 [ 20.  160. ]
 [ 20.  160. ]
 [ 20.  160. ]
 [ 20.  160. ]
 [ 20.  160. ]
 [ 20.  160. ]
 [ 19.8 160.4]
 [ 19.6 160.8]
 [ 19.4 161.2]
 [ 19.2 161.6]
 [ 19.  162. ]
 [ 18.8 162.4]
 [ 18.6 162.8]
 [ 18.4 163.2]
 [ 18.2 163.6]
 [ 18.  164. ]
 [ 17.8 164.4]
 [ 17.6 164.8]
 [ 17.4 165.2]
 [ 17.2 165.6]
 [ 17.  166. ]
 [ 16.8 166.4]
 [ 16.6 166.8]
 [ 16.4 167.2]
 [ 16.2 167.6]
 [ 16.  168. ]
 [ 15.8 168.4]
 [ 15.6 168.8]
 [ 15.4 169.2]
 [ 15.2 169.6]
 [ 15.  170. ]
 [ 14.8 170.4]
 [ 14.6 170.8]
 [ 14.4 171.2]
 [ 14.2 171.6]
 [ 14.  172. ]
 [ 13.8 172.4]
 [ 13.6 172.8]
 [ 13.4 173.2]
 [ 13.2 173.6]
 [ 13.  174. ]
 [ 12.8 174.4]
 [ 12.6 174.8]
 [ 12.4 175.2]
 [ 12.2 175.6]
 [ 12.  176. ]
 [ 11.8 176.4]
 [ 11.6 176.8]
 [ 11.4 177.2]
 [ 11.2 177.6]
 [ 11.  178. ]
 [ 10.8 178.4]
 [ 10.6 178.8]
 [ 10.4 179.2]
 [ 10.2 179.6]
 [ 10.  180. ]
 [  9.8 180.4]
 [  9.6 180.8]
 [  9.4 181.2]
 [  9.2 181.6]
 [  9.  182. ]
 [  8.8 182.4]
 [  8.6 182.8]
 [  8.4 183.2]
 [  8.2 183.6]
 [  8.  184. ]
 [  7.8 184.4]
 [  7.6 184.8]
 [  7.4 185.2]
 [  7.2 185.6]
 [  7.  186. ]
 [  6.8 186.4]
 [  6.6 186.8]
 [  6.4 187.2]
 [  6.2 187.6]
 [  6.  188. ]
 [  5.8 188.4]
 [  5.6 188.8]
 [  5.4 189.2]
 [  5.2 189.6]
 [  5.  190. ]
 [  4.8 190.4]
 [  4.6 190.8]
 [  4.4 191.2]
 [  4.2 191.6]
 [  4.  192. ]
 [  3.8 192.4]
 [  3.6 192.8]
 [  3.4 193.2]
 [  3.2 193.6]
 [  3.  194. ]
 [  2.8 194.4]
 [  2.6 194.8]
 [  2.4 195.2]
 [  2.2 195.6]
 [  2.  196. ]
 [  1.8 196.4]
 [  1.6 196.8]
 [  1.4 197.2]
 [  1.2 197.6]
 [  1.  198. ]
 [  0.8 198.4]
 [  0.6 198.8]
 [  0.4 199.2]
 [  0.2 199.6]
 [  0.  200. ]]
Conflict
[[ 20.  60.]
 [  0. 200.]]
Pareto front
[[ 1. -1.]
 [-1.  1.]]
